000000000
001000000
010000000
011000000
100000000
101000000
110000000
111000000
000001000
000010000
000011000
000100000
000101000
000110000
000111000
000000001
000000010
000000011
000000100
000000101
000000110
000000111
001001000
001010000
001011000
001100000
001101000
001110000
001111000
001000001
001000010
001000011
001000100
001000101
001000110
001000111
010001000
010010000
010011000
010100000
010101000
010110000
010111000
010000001
010000010
010000011
010000100
010000101
010000110
010000111
011001000
011010000
011011000
011100000
011101000
011110000
011111000
011000001
011000010
011000011
011000100
011000101
011000110
011000111
101001000
101010000
101011000
101100000
101101000
101110000
101111000
101000001
101000010
101000011
101000100
101000101
101000110
101000111
110001000
110010000
110011000
110100000
110101000
110110000
110111000
110000001
110000010
110000011
110000100
110000101
110000110
110000111
111001000
111010000
111011000
111100000
111101000
111110000
111111000
111000001
111000010
111000011
111000100
111000101
111000110
111000111
